(module Mount (layer F.Cu) (tedit 5CBAA986)
  (fp_text reference Mount (at 0 -1.397) (layer F.Fab)
    (effects (font (size 0.5 0.5) (thickness 0.125)))
  )
  (fp_text value Mount (at 0 -1.397) (layer F.Fab)
    (effects (font (size 0.5 0.5) (thickness 0.125)))
  )
  (fp_circle (center 0 0) (end 0.8 0) (layer Dwgs.User) (width 0.05))
  (fp_circle (center 0 0) (end 1.57 0) (layer Dwgs.User) (width 0.055))
  (fp_arc (start 0 0) (end -1.0668 0) (angle -180) (layer F.SilkS) (width 0.15))
  (fp_arc (start -1.7526 0) (end -1.0668 0) (angle -90) (layer F.SilkS) (width 0.15))
  (fp_arc (start 1.7526 0) (end 1.7526 -0.6858) (angle -90) (layer F.SilkS) (width 0.15))
  (fp_line (start 1.7526 -0.6858) (end 2.794 -0.6858) (layer F.SilkS) (width 0.15))
  (fp_line (start -2.794 -0.6858) (end -1.7526 -0.6858) (layer F.SilkS) (width 0.15))
  (fp_line (start -2.794 -0.6858) (end -1.7526 -0.6858) (layer B.SilkS) (width 0.15))
  (fp_arc (start -1.7526 0) (end -1.0668 0) (angle -90) (layer B.SilkS) (width 0.15))
  (fp_arc (start 0 0) (end -1.0668 0) (angle -180) (layer B.SilkS) (width 0.15))
  (fp_arc (start 1.7526 0) (end 1.7526 -0.6858) (angle -90) (layer B.SilkS) (width 0.15))
  (fp_line (start 1.7526 -0.6858) (end 2.794 -0.6858) (layer B.SilkS) (width 0.15))
)
